1 18.92
2 18.92
3 18.92
4 18.92
5 18.92
6 18.92
7 18.92
8 18.92
9 18.92
10 18.92
11 18.63
12 18.63
13 18.63
14 18.63
15 18.92
16 18.92
17 18.92
18 18.92
19 18.92
20 18.92
21 18.92
22 18.92
23 18.92
24 18.92
25 18.92
26 18.92
27 14.62
28 14.62
29 14.62
30 14.62
31 19.40
32 19.40
33 19.40
34 19.40
35 18.92
36 18.92
37 18.92
38 18.92
39 19.40
40 19.40
41 19.40
42 19.40
43 18.92
44 18.92
45 18.92
46 18.92
47 18.92
48 18.92
49 18.92
50 18.92
51 18.92
52 18.92
53 18.92
54 18.92
55 18.92
56 18.92
57 18.92
58 18.92
59 18.92
60 18.92
61 18.92
62 18.92
63 18.63
64 18.63
65 18.63
66 18.63
67 30.31
68 30.31
69 30.31
70 30.31
71 31.23
72 31.23
73 31.23
74 31.23
75 31.64
76 31.64
77 31.64
78 31.64
79 31.67
80 31.67
81 31.67
82 31.67
83 31.74
84 31.74
85 31.74
86 31.74
87 31.84
88 31.84
89 31.84
90 31.84
91 32.00
92 32.00
93 32.00
94 32.00
95 31.99
96 31.99
97 31.99
98 31.99
99 31.95
100 31.95
101 31.95
102 31.95
103 31.91
104 31.91
105 31.91
106 31.91
107 31.96
108 31.96
109 31.96
110 31.96
111 31.96
112 31.96
113 31.96
114 31.96
115 31.98
116 31.98
117 31.98
118 31.98
119 32.02
120 32.02
121 32.02
122 32.02
123 32.04
124 32.04
125 32.04
126 32.04
127 32.07
128 32.07
129 32.07
130 32.07
131 32.07
132 32.07
133 32.07
134 32.07
135 31.51
136 31.51
137 31.51
138 31.51
139 32.20
140 32.20
141 32.20
142 32.20
143 32.31
144 32.31
145 32.31
146 32.31
147 32.44
148 32.44
149 32.44
150 32.44
151 32.25
152 32.25
153 32.25
154 32.25
155 31.95
156 31.95
157 31.95
158 31.95
159 31.94
160 31.94
161 31.94
162 31.94
163 36.99
164 36.99
165 36.99
166 36.99
167 ?36.99
168 ?36.99
169 ?36.99
170 ?36.99
171 32.19
172 32.19
173 32.19
174 32.19
175 32.06
176 32.06
177 32.06
178 32.06
179 32.20
180 32.20
181 32.20
182 32.20
183 31.94
184 31.94
185 31.94
186 31.94
187 32.58
188 32.58
189 32.58
190 32.58
191 32.36
192 32.36
193 32.36
194 32.36
195 32.24
196 32.24
197 32.24
198 32.24
199 18.63
200 18.63
201 18.63
202 18.63
203 18.63
204 18.63
205 18.63
206 18.63
207 18.63
208 18.63
209 18.63
210 18.63
211 18.63
212 18.63
213 18.63
214 18.63
215 18.63
216 18.63
217 18.63
218 18.63
219 18.63
220 18.63
221 18.63
222 18.63
223 18.63
224 18.63
225 18.63
226 18.63
227 18.63
228 18.63
229 18.63
230 18.63
231 18.92
232 18.92
233 18.92
234 18.92
235 18.63
236 18.63
237 18.63
238 18.63
